N = 20
 0.00025348840559402674, 0.0005289332725304519, 0.0008000412099278265, 0.0010247825209894756, 0.0011512863356415437, 0.0011367208140988794, 0.0009757237949585829, 0.0007191614306343297, 0.00045931303291624204, 0.0002832401198276102
N = 100
 8.478792955202152e-05, 0.00017648381059487406, 0.000266045399332171, 0.0003393855017606029, 0.0003797130242233493, 0.00037405948024726854, 0.00032226235978427553, 0.00024184316755437862, 0.00016198025745950417, 0.00010869090244369772
N = 200
 2.72399377365673e-06, 5.662285580854132e-06, 8.52012334107144e-06, 1.0844577932545008e-05, 1.2106029608105473e-05, 1.191111628529029e-05, 1.0281985783677783e-05, 7.78951565649777e-06, 5.342232626048826e-06, 3.723463834148788e-06
N = 1000
 8.756517289043586e-07, 1.8198185216533602e-06, 2.7375416848940404e-06, 3.483204856991051e-06, 3.887032985261385e-06, 3.82370504681262e-06, 3.301669831756726e-06, 2.5048333327504224e-06, 1.7238531562213666e-06, 1.2079789684094067e-06
N = 20
 2.9636773035690567e-07, 7.195955475935989e-07, 1.2867795966542417e-06, 1.9814187091071744e-06, 2.730011495089002e-06, 3.4023551727102586e-06, 3.863917015678453e-06, 4.0617450700608515e-06, 4.057771658239062e-06, 3.9579403434686355e-06
N = 100
 2.028602708037397e-08, 4.911409945407286e-08, 8.745490021055957e-08, 1.3388702058136914e-07, 1.8317749805873973e-07, 2.2668695009997464e-07, 2.561610159546035e-07, 2.6902275251927676e-07, 2.6960085364180486e-07, 2.6419341025984977e-07
N = 200
 3.111466639893479e-11, 7.5168316016061e-11, 1.3344347848942562e-10, 2.0345325424386829e-10, 2.7694468940353545e-10, 3.409716953228781e-10, 3.838600548533577e-10, 4.027569389108976e-10, 4.044160561988974e-10, 3.9755576608513365e-10
N = 1000
 2.071232074740692e-12, 5.012879000787507e-12, 8.885336910680053e-12, 1.3535839116229909e-11, 1.8403056856186595e-11, 2.2655655129710794e-11, 2.5508484213787597e-11, 2.6755486715046572e-11, 2.687627898012579e-11, 2.6432189770275727e-11
N = 20
 0.0036715852772414292, 0.004958897080777486, 0.005612022364312769, 0.006284063842051768, 0.00735587373065183, 0.009257460194178058, 0.012749391750492833, 0.01947441062589461, 0.03349334112870239, 0.06653201980414547
N = 100
 0.0010907513318781925, 0.0014911901987332832, 0.0017052694466281326, 0.0019291857615315045, 0.0022866274857535895, 0.002928299344494012, 0.0041341218037072025, 0.0065358584741672665, 0.011783645536098675, 0.025033687249045755
N = 200
 3.21294700849073e-05, 4.431518645373056e-05, 5.102765779903262e-05, 5.8103755532001866e-05, 6.941583621067338e-05, 8.989337066711567e-05, 0.0001289418157071065, 0.00020830204913813155, 0.0003864554903008077, 0.0008539225923338556
N = 1000
 1.017489575427799e-05, 1.4055024044112852e-05, 1.620234257343478e-05, 1.846856244547279e-05, 2.2092501343218274e-05, 2.8661957427233986e-05, 4.121876949780834e-05, 6.681892727189442e-05, 0.00012452227198789245, 0.0002767805587597927
N = 20
 1.6409863435429273e-05, 1.927399391482565e-05, 1.896334615700268e-05, 1.8586346850368862e-05, 1.9281752278943465e-05, 2.168188937179405e-05, 2.624829711161958e-05, 3.257189624039647e-05, 3.426085818469815e-05, 1.5852614062783488e-05
N = 100
 8.782501410564691e-07, 1.0295258177639433e-06, 9.94115606514634e-07, 9.473647006874586e-07, 9.576468700256413e-07, 1.0641056185090036e-06, 1.2942980376351443e-06, 1.614401476279781e-06, 1.566632215510566e-06, 2.292905823875202e-06
N = 200
 1.0908254299835107e-09, 1.270970911848579e-09, 1.1992007248329273e-09, 1.104442481913992e-09, 1.0811428419188474e-09, 1.1861964743786757e-09, 1.4625602950957273e-09, 1.869753907257632e-09, 1.7565486842840983e-09, 3.9941578933166966e-09
N = 1000
 7.065559248786712e-11, 8.22179824222502e-11, 7.726189132917227e-11, 7.072770147331653e-11, 6.882983072387105e-11, 7.534450841006901e-11, 9.316991622654314e-11, 1.1979950365059722e-10, 1.1262946131296303e-10, 2.6586510770698624e-10
